1 0.9653056263923645
2 0.5083233118057251
3 0.38963550329208374
4 0.3779277801513672
5 0.32057270407676697
6 0.2890699803829193
7 0.35024935007095337
8 0.2605287730693817
9 0.3189704120159149
10 0.23423102498054504
11 0.1892549991607666
12 0.2041848599910736
13 0.16864013671875
14 0.20731672644615173
15 0.2416667491197586
16 0.18890953063964844
17 0.20382311940193176
18 0.24409539997577667
19 0.1598438024520874
20 0.17051872611045837
21 0.2984318137168884
22 0.16186298429965973
23 0.1455846130847931
24 0.2379303127527237
25 0.16714996099472046
26 0.23718419671058655
27 0.18143385648727417
28 0.14974316954612732
29 0.16506993770599365
30 0.15794490277767181
31 0.19542542099952698
32 0.1443500816822052
33 0.2205313742160797
34 0.21184810996055603
35 0.2460109442472458
36 0.1410638391971588
37 0.13985413312911987
38 0.15463629364967346
39 0.18548047542572021
40 0.14877425134181976
